0.0 0.40795759101717777 0.44487085101540286 0.06460252830881738 0.4435588595683053 0.505272167042513 0.5046454627721183 0.00038042919186121973 0.5045245529708363 0.4093974274902296
0.40795759101717777 0.0 0.33424585486934316 0.3996473196889292 0.3334280914142472 0.3918897990836455 0.39261171133008155 0.40792526074315477 0.3931335554070296 0.0651006227015295
0.44487085101540286 0.33424585486934316 0.0 0.4374669436808325 0.0023819047531107116 0.4096825258621371 0.4100095780804069 0.44480088481596636 0.4103119370894711 0.3321481114527116
0.06460252830881738 0.3996473196889292 0.4374669436808325 0.0 0.4361500395689823 0.5040316412016222 0.503090371960014 0.06498108468622077 0.5035254004793308 0.4005139543176208
0.4435588595683053 0.3334280914142472 0.0023819047531107116 0.4361500395689823 0.0 0.4112005913955262 0.411527643613796 0.44348889336886904 0.41197144459941626 0.33188107419575147
0.505272167042513 0.3918897990836455 0.4096825258621371 0.5040316412016222 0.4112005913955262 0.0 0.0015836306867841508 0.5052514344189739 0.015056941896803431 0.38675750380609725
0.5046454627721183 0.39261171133008155 0.4100095780804069 0.503090371960014 0.411527643613796 0.0015836306867841508 0.0 0.5046247301485792 0.01628131747227003 0.3874249826363161
0.00038042919186121973 0.40792526074315477 0.44480088481596636 0.06498108468622077 0.44348889336886904 0.5052514344189739 0.5046247301485792 0.0 0.504385422572942 0.4092330712235257
0.5045245529708363 0.3931335554070296 0.4103119370894711 0.5035254004793308 0.41197144459941626 0.015056941896803431 0.01628131747227003 0.504385422572942 0.0 0.388210978607426
0.4093974274902296 0.0651006227015295 0.3321481114527116 0.4005139543176208 0.33188107419575147 0.38675750380609725 0.3874249826363161 0.4092330712235257 0.388210978607426 0.0
